36.841742 127.186922 23
36.842064 127.185609 24
36.841723 127.186446 25
36.841571 127.186785 26
36.841083 127.187826 27
36.841516 127.186336 28
36.841349 127.186683 29
36.841111 127.187162 30
36.840991 127.187403 31
36.840863 127.187669 32
36.840562 127.188265 33
36.840381 127.188629 34
36.841820 127.185115 35
36.841736 127.185300 36
36.841187 127.186585 37
36.840150 127.188244 38
36.841109 127.184283 39
36.841021 127.184521 40
36.840905 127.184779 41
36.840786 127.184983 42
36.840668 127.185249 43
36.840370 127.185860 44
36.840004 127.186784 45
36.841164 127.183793 46
36.841183 127.183359 47
36.840529 127.185145 48
36.840370 127.185487 49
36.840226 127.185739 50
36.840047 127.186044 51
36.841082 127.182795 52
36.840858 127.183221 53
36.840720 127.183501 54
36.840544 127.183864 55
36.840733 127.184008 56
36.840237 127.184281 57
36.840316 127.184332 58
36.840532 127.184495 59
36.839962 127.184704 60
36.840020 127.184749 61
36.839919 127.184925 62
36.839873 127.185029 63
36.839974 127.185520 64
36.839668 127.185412 65
36.839511 127.186233 66
36.839731 127.186811 67
36.839539 127.186872 68
36.839391 127.186911 69
36.839165 127.186961 70
36.839225 127.187373 71
36.841291 127.181461 72
36.840961 127.182147 73
36.840808 127.182043 74
36.840644 127.181948 75
36.840427 127.182359 76
36.840411 127.182864 77
36.840233 127.182751 78
36.839935 127.183353 79
36.839695 127.183857 80
36.839584 127.184092 81
36.839563 127.184397 82
36.839660 127.184473 83
36.839283 127.185254 84
36.839519 127.185605 85
36.839305 127.185647 86
36.839069 127.186226 87
36.839189 127.186353 88
36.838993 127.186431 89
36.838717 127.186596 90
36.838699 127.187108 91
36.838572 127.187142 92
36.839580 127.182245 93
36.839257 127.182833 94
36.839399 127.182948 95
36.839536 127.183060 96
36.839274 127.183859 97
36.839393 127.183940 98
36.839188 127.184041 99
36.839305 127.184122 100
36.839047 127.184618 101
36.838923 127.184867 102
36.838887 127.184945 103
36.838733 127.185253 104
36.838618 127.185494 105
36.838478 127.185774 106
36.838387 127.185947 107
36.838245 127.186222 108
36.838955 127.183269 109
36.838871 127.183507 110
36.838954 127.183606 111
36.838776 127.183720 112
36.838543 127.184235 113
36.838399 127.184529 114
36.838601 127.184689 115
36.838263 127.184904 116
36.840018 127.180141 117
36.839130 127.181843 118
36.838526 127.182273 119
36.838839 127.182510 120
36.838237 127.182732 121
36.838592 127.182999 122
36.838108 127.182920 123
36.838065 127.183133 124
36.838037 127.183522 125
36.838386 127.183851 126
36.838230 127.184408 127
36.838051 127.184741 128
36.837794 127.185282 129
36.837282 127.185558 130
36.837556 127.185755 131
36.838804 127.181601 132
36.838495 127.181629 133
36.838227 127.182043 134
36.837940 127.182577 135
36.837777 127.182950 136
36.837831 127.183300 137
36.837587 127.183300 138
36.837290 127.183162 139