#앞수자 뒷수자 모두 22더하기
23 26  
24 25    
25 26  
25 28  
26 29  
27 32  
28 29  
29 30  
29 37  
30 31  
31 32  
31 45  
32 33  
33 34  
33 38  
34 38  
35 36  
35 40  
36 37  
37 44  
38 67  
39 40  
39 46  
39 56  
40 41  
41 42  
41 59  
42 43  
43 44  
43 48  
44 50  
44 51   
45 67  
46 47  
47 52  
48 49  
48 61  
49 50  
50 51  
50 64  
51 66  
52 53  
52 73  
53 54  
53 77  
54 55  
55 56  
55 58  
55 79  
57 58  
57 80  
58 59  
60 61  
60 83  
61 62  
64 66  
64 104  
65 66  
65 106  
66 67  
67 68  
67 107  
68 69  
68 108    
69 91  
93 118  
94 95  
94 111  
94 120  
95 96  
97 98  
97 111  
98 100  
99 100  
99 112  
100 101  
101 102  
102 103  
102 115  
103 104  
104 105  
104 116  
105 106  
106 107  
106 129  
107 108  
108 131  
109 110  
109 120  
109 122  
110 111  
110 112  
112 113  
112 124  
113 114  
114 115  
114 116  
114 127  
116 128  
117 118  
118 120  
118 132  
119 120  
119 134  
120 121    
121 122  
121 123  
123 124  
125 126  
125 137  
126 127  
127 128  
128 129  
129 131  
130 131  
132 133  
133 134  
134 135  
135 136  
136 137  
136 138  
137 138  
138 139
## 더하지않기
1 2
## 뒷수자만 22더하기
3 74
3 52
3 76
3 77
4 54
4 47
4 46
4 56
5 93
5 95
6 119
6 118
7 35
7 24
8 28
9 135
9 139
10 122
10 123
10 110
11 96
11 97
12 57
12 81
12 59
12 42
12 60
13 101
13 99
13 113
13 115
14 62
14 83
15 62
15 49
16 26
16 30
16 27
17 129
17 130
18 50
18 86
18 105
18 87
18 66
19 127
19 125
20 71
20 91
20 92
21 27
21 33
21 34
22 35
22 24
1 73
2 118



