36.841339 127.181359 1 정문 Main_Gate 1 1 1
36.840063 127.180060 2 후문 Back_Gate 1 1 1
36.840566 127.182469 3 학생복지관 Student_Union 1 1 1
36.840853 127.183620 4 목양관 Mokyang_Hall 1 1 1
36.839510 127.182595 5 백석홀 Baekseok_Hall 1 1 1
36.838599 127.181964 6 은혜관 Eunhye_Hall 1 1 1
36.842554 127.185146 7 기숙사 Dormitory 1 1 1
36.841756 127.185800 8 승리관 Seungri_Hall 1 1 1
36.837412 127.182412 9 창조관 Creation_Hall 1 1 1
36.838412 127.183187 10 자유관 Freedom_Hall 1 1 1
36.839297 127.183466 11 인성관 Insung_Hall 1 1 1
36.840149 127.184521 12 진리관 Truth_Hall 1 1 1
36.838657 127.184345 13 지혜관 Wisdom_Hall 1 1 1
36.839711 127.184789 14 교수회관 Faculty_Hall 1 1 1
36.840138 127.185277 15 음악관 Music_Hall 1 1 1
36.841351 127.187284 16 체육관 Gymnasium 1 1 1
36.837500 127.185182 17 글로벌외식산업관 Global_Food_Industry_Hall 1 1 1
36.839301 127.185902 18 본부동 Main_Building 1 1 1
36.837772 127.184036 19 백석학술정보관 Baekseok_Academic_Info_Center 1 1 1
36.838814 127.187597 20 예술대학동 Art_College 1 1 1
36.840853 127.188424 21 조형관 Art_Design_Hall 1 1 1
36.842545 127.185141 22 백석생활관 Baekseok_Living_Hall 1 1 1