36.841339 127.181359 1 정문 Main_Gate 1 1 1 1
36.840063 127.180060 2 후문 Back_Gate 1 1 1 1
36.840566 127.182469 3 학생복지관 Student_Union 1 1 1 2
36.840853 127.183620 4 목양관 Mokyang_Hall 1 1 1 3
36.839510 127.182595 5 백석홀 Baekseok_Hall 1 1 1 2
36.838599 127.181964 6 은혜관 Eunhye_Hall 1 1 1 3
36.842554 127.185146 7 기숙사 Dormitory 1 1 1 4
36.841756 127.185800 8 승리관 Seungri_Hall 1 1 1 2
36.837412 127.182412 9 창조관 Creation_Hall 1 1 1 3
36.838412 127.183187 10 자유관 Freedom_Hall 1 1 1 2
36.839297 127.183466 11 인성관 Insung_Hall 1 1 1 3
36.840149 127.184521 12 진리관 Truth_Hall 1 1 1 2
36.838657 127.184345 13 지혜관 Wisdom_Hall 1 1 1 3
36.839711 127.184789 14 교수회관 Faculty_Hall 1 1 1 2
36.840138 127.185277 15 음악관 Music_Hall 1 1 1 3
36.841351 127.187284 16 체육관 Gymnasium 1 1 1 2
36.837500 127.185182 17 글로벌외식산업관 Global_Food_Industry_Hall 1 1 1 3
36.839301 127.185902 18 본부동 Main_Building 1 1 1 4
36.837772 127.184036 19 백석학술정보관 Baekseok_Academic_Info_Center 1 1 1 3
36.838814 127.187597 20 예술대학동 Art_College 1 1 1 2
36.840853 127.188424 21 조형관 Art_Design_Hall 1 1 1 3
36.842545 127.185141 22 백석생활관 Baekseok_Living_Hall 1 1 1 4
36.841742 127.186922 23 중간지점23 Corner23 0 0 0 1
36.842064 127.185609 24 중간지점24 Corner24 0 0 0 1
36.841723 127.186446 25 중간지점25 Corner25 0 0 0 1
36.841571 127.186785 26 중간지점26 Corner26 0 0 0 1
36.841083 127.187826 27 중간지점27 Corner27 0 0 0 1
36.841516 127.186336 28 중간지점28 Corner28 0 0 0 1
36.841349 127.186683 29 중간지점29 Corner29 0 0 0 1
36.841111 127.187162 30 중간지점30 Corner30 0 0 0 1
36.840991 127.187403 31 중간지점31 Corner31 0 0 0 1
36.840863 127.187669 32 중간지점32 Corner32 0 0 0 1
36.840562 127.188265 33 중간지점33 Corner33 0 0 0 1
36.840381 127.188629 34 중간지점34 Corner34 0 0 0 1
36.841820 127.185115 35 중간지점35 Corner35 0 0 0 1
36.841736 127.185300 36 중간지점36 Corner36 0 0 0 1
36.841187 127.186585 37 중간지점37 Corner37 0 0 0 1
36.840150 127.188244 38 중간지점38 Corner38 0 0 0 1
36.841109 127.184283 39 중간지점39 Corner39 0 0 0 1
36.841021 127.184521 40 중간지점40 Corner40 0 0 0 1
36.840905 127.184779 41 중간지점41 Corner41 0 0 0 1
36.840786 127.184983 42 중간지점42 Corner42 0 0 0 1
36.840668 127.185249 43 중간지점43 Corner43 0 0 0 1
36.840370 127.185860 44 중간지점44 Corner44 0 0 0 1
36.840004 127.186784 45 중간지점45 Corner45 0 0 0 1
36.841164 127.183793 46 중간지점46 Corner46 0 0 0 1
36.841183 127.183359 47 중간지점47 Corner47 0 0 0 1
36.840529 127.185145 48 중간지점48 Corner48 0 0 0 1
36.840370 127.185487 49 중간지점49 Corner49 0 0 0 1
36.840226 127.185739 50 중간지점50 Corner50 0 0 0 1
36.840047 127.186044 51 중간지점51 Corner51 0 0 0 1
36.841082 127.182795 52 중간지점52 Corner52 0 0 0 1
36.840858 127.183221 53 중간지점53 Corner53 0 0 0 1
36.840720 127.183501 54 중간지점54 Corner54 0 0 0 1
36.840544 127.183864 55 중간지점55 Corner55 0 0 0 1
36.840733 127.184008 56 중간지점56 Corner56 0 0 0 1
36.840237 127.184281 57 중간지점57 Corner57 0 0 0 1
36.840316 127.184332 58 중간지점58 Corner58 0 0 0 1
36.840532 127.184495 59 중간지점59 Corner59 0 0 0 1
36.839962 127.184704 60 중간지점60 Corner60 0 0 0 1
36.840020 127.184749 61 중간지점61 Corner61 0 0 0 1
36.839919 127.184925 62 중간지점62 Corner62 0 0 0 1
36.839873 127.185029 63 중간지점63 Corner63 0 0 0 1
36.839974 127.185520 64 중간지점64 Corner64 0 0 0 1
36.839668 127.185412 65 중간지점65 Corner65 0 0 0 1
36.839511 127.186233 66 중간지점66 Corner66 0 0 0 1
36.839731 127.186811 67 중간지점67 Corner67 0 0 0 1
36.839539 127.186872 68 중간지점68 Corner68 0 0 0 1
36.839391 127.186911 69 중간지점69 Corner69 0 0 0 1
36.839165 127.186961 70 중간지점70 Corner70 0 0 0 1
36.839225 127.187373 71 중간지점71 Corner71 0 0 0 1
36.841291 127.181461 72 중간지점72 Corner72 0 0 0 1
36.840961 127.182147 73 중간지점73 Corner73 0 0 0 1
36.840808 127.182043 74 중간지점74 Corner74 0 0 0 1
36.840644 127.181948 75 중간지점75 Corner75 0 0 0 1
36.840427 127.182359 76 중간지점76 Corner76 0 0 0 1
36.840411 127.182864 77 중간지점77 Corner77 0 0 0 1
36.840233 127.182751 78 중간지점78 Corner78 0 0 0 1
36.839935 127.183353 79 중간지점79 Corner79 0 0 0 1
36.839695 127.183857 80 중간지점80 Corner80 0 0 0 1
36.839584 127.184092 81 중간지점81 Corner81 0 0 0 1
36.839563 127.184397 82 중간지점82 Corner82 0 0 0 1
36.839660 127.184473 83 중간지점83 Corner83 0 0 0 1
36.839283 127.185254 84 중간지점84 Corner84 0 0 0 1
36.839519 127.185605 85 중간지점85 Corner85 0 0 0 1
36.839305 127.185647 86 중간지점86 Corner86 0 0 0 1
36.839069 127.186226 87 중간지점87 Corner87 0 0 0 1
36.839189 127.186353 88 중간지점88 Corner88 0 0 0 1
36.838993 127.186431 89 중간지점89 Corner89 0 0 0 1
36.838717 127.186596 90 중간지점90 Corner90 0 0 0 1
36.838699 127.187108 91 중간지점91 Corner91 0 0 0 1
36.838572 127.187142 92 중간지점92 Corner92 0 0 0 1
36.839580 127.182245 93 중간지점93 Corner93 0 0 0 1
36.839257 127.182833 94 중간지점94 Corner94 0 0 0 1
36.839399 127.182948 95 중간지점95 Corner95 0 0 0 1
36.839536 127.183060 96 중간지점96 Corner96 0 0 0 1
36.839274 127.183859 97 중간지점97 Corner97 0 0 0 1
36.839393 127.183940 98 중간지점98 Corner98 0 0 0 1
36.839188 127.184041 99 중간지점99 Corner99 0 0 0 1
36.839305 127.184122 100 중간지점100 Corner100 0 0 0 1
36.839047 127.184618 101 중간지점101 Corner101 0 0 0 1
36.838923 127.184867 102 중간지점102 Corner102 0 0 0 1
36.838887 127.184945 103 중간지점103 Corner103 0 0 0 1
36.838733 127.185253 104 중간지점104 Corner104 0 0 0 1
36.838618 127.185494 105 중간지점105 Corner105 0 0 0 1
36.838478 127.185774 106 중간지점106 Corner106 0 0 0 1
36.838387 127.185947 107 중간지점107 Corner107 0 0 0 1
36.838245 127.186222 108 중간지점108 Corner108 0 0 0 1
36.838955 127.183269 109 중간지점109 Corner109 0 0 0 1
36.838871 127.183507 110 중간지점110 Corner110 0 0 0 1
36.838954 127.183606 111 중간지점111 Corner111 0 0 0 1
36.838776 127.183720 112 중간지점112 Corner112 0 0 0 1
36.838543 127.184235 113 중간지점113 Corner113 0 0 0 1
36.838399 127.184529 114 중간지점114 Corner114 0 0 0 1
36.838601 127.184689 115 중간지점115 Corner115 0 0 0 1
36.838263 127.184904 116 중간지점116 Corner116 0 0 0 1
36.840018 127.180141 117 중간지점117 Corner117 0 0 0 1
36.839130 127.181843 118 중간지점118 Corner118 0 0 0 1
36.838526 127.182273 119 중간지점119 Corner119 0 0 0 1
36.838839 127.182510 120 중간지점120 Corner120 0 0 0 1
36.838237 127.182732 121 중간지점121 Corner121 0 0 0 1
36.838592 127.182999 122 중간지점122 Corner122 0 0 0 1
36.838108 127.182920 123 중간지점123 Corner123 0 0 0 1
36.838065 127.183133 124 중간지점124 Corner124 0 0 0 1
36.838037 127.183522 125 중간지점125 Corner125 0 0 0 1
36.838386 127.183851 126 중간지점126 Corner126 0 0 0 1
36.838230 127.184408 127 중간지점127 Corner127 0 0 0 1
36.838051 127.184741 128 중간지점128 Corner128 0 0 0 1
36.837794 127.185282 129 중간지점129 Corner129 0 0 0 1
36.837282 127.185558 130 중간지점130 Corner130 0 0 0 1
36.837556 127.185755 131 중간지점131 Corner131 0 0 0 1
36.838804 127.181601 132 중간지점132 Corner132 0 0 0 1
36.838495 127.181629 133 중간지점133 Corner133 0 0 0 1
36.838227 127.182043 134 중간지점134 Corner134 0 0 0 1
36.837940 127.182577 135 중간지점135 Corner135 0 0 0 1
36.837777 127.182950 136 중간지점136 Corner136 0 0 0 1
36.837831 127.183300 137 중간지점137 Corner137 0 0 0 1
36.837587 127.183300 138 중간지점138 Corner138 0 0 0 1
36.837290 127.183162 139 중간지점139 Corner139 0 0 0 1